0 0
0.25 0.00014008253259
0.5 0.000286000044625
0.75 0.000431914246971
1.0 0.000577838378381
1.25 0.00072376250979
1.5 0.0008696866412
1.75 0.00101557767573
2.0 0.00116150180714
2.25 0.00130742593855
2.5 0.00145335006996
2.75 0.00159927420137
3.0 0.0017451652359
3.25 0.00189108936731
3.5 0.00203701349872
3.75 0.00218293763013
4.0 0.00232886176154
4.25 0.00247478589295
4.5 0.00262067692748
4.75 0.00276660105889
5.0 0.0029125251903
5.25 0.00337257178286
5.5 0.00383261837542
5.75 0.00429266496798
6.0 0.00475271156054
6.25 0.0052127581531
6.5 0.00567280474566
6.75 0.00613285133822
7.0 0.00659289793077
7.25 0.00705294452333
7.5 0.00751299111589
7.75 0.00797303770845
8.0 0.00843308430101
8.25 0.00889313089357
8.5 0.00935317748613
8.75 0.00981322407869
9.0 0.0102732706712
9.25 0.0107333172638
9.5 0.0111933638564
9.75 0.0116534104489
10.0 0.0121134570415
10.25 0.0127207847374
10.5 0.0133281124333
10.75 0.0139354401293
11.0 0.0145427678252
11.25 0.0151500955211
11.5 0.0157574232171
11.75 0.016364750913
12.0 0.0169720786089
12.25 0.0175794063049
12.5 0.0181867340008
12.75 0.0187940616967
13.0 0.0194013893927
13.25 0.0200087170886
13.5 0.0206160447845
13.75 0.0212233724805
14.0 0.0218307001764
14.25 0.0224380278723
14.5 0.0230453555683
14.75 0.0236526832642
15.0 0.0242600109601
15.25 0.0246488992668
15.5 0.0250377875734
15.75 0.0254266758801
16.0 0.0258155641868
16.25 0.0262044524934
16.5 0.0265933408001
16.75 0.0269822291067
17.0 0.0273711174134
17.25 0.0277600057201
17.5 0.0281488940267
17.75 0.0285377823334
18.0 0.02892667064
18.25 0.0293155589467
18.5 0.0297044472534
18.75 0.03009333556
19.0 0.0304822238667
19.25 0.0308711121733
19.5 0.03126000048
19.75 0.0316488887867
20.0 0.0320377770933
20.25 0.032170164602
20.5 0.0323025521106
20.75 0.0324349396193
21.0 0.0325673271279
21.25 0.0326997146366
21.5 0.0328321021452
21.75 0.0329644896539
22.0 0.0330968771625
22.25 0.0330528583159
22.5 0.0330085085005
22.75 0.0329644896539
23.0 0.0329204708072
23.25 0.0328761209919
23.5 0.0328321021452
23.75 0.0327880832986
24.0 0.0327437334832
24.25 0.0326997146366
24.5 0.0326556957899
24.75 0.0326113459745
25.0 0.0325673271279
25.25 0.0323389586755
25.5 0.0321105902231
25.75 0.0318822217707
26.0 0.0316538533182
26.25 0.0314254848658
26.5 0.0311971164134
26.75 0.030968747961
27.0 0.0307403795086
27.25 0.0305120110561
27.5 0.0302836426037
27.75 0.0300552741513
28.0 0.0298269056989
28.25 0.0295985372464
28.5 0.029370168794
28.75 0.0291418003416
29.0 0.0289134318892
29.25 0.0286850634368
29.5 0.0284566949843
29.75 0.0282283265319
30.0 0.0279999580795
30.25 0.0276756086833
30.5 0.0273512592871
30.75 0.0270269098909
31.0 0.0267025604947
31.25 0.0263782110985
31.5 0.0260538617023
31.75 0.0257295123061
32.0 0.02540516291
32.25 0.0250808135138
32.5 0.0247564641176
32.75 0.0244321147214
33.0 0.0241077653252
33.25 0.023783415929
33.5 0.0234590665328
33.75 0.0231347171366
34.0 0.0228103677404
34.25 0.0224860183442
34.5 0.022161668948
34.75 0.0218373195518
35.0 0.0215129701556
35.25 0.0212174150426
35.5 0.0209215289607
35.75 0.0206259738477
36.0 0.0203300877659
36.25 0.0200345326528
36.5 0.019738646571
36.75 0.0194430914579
37.0 0.0191472053761
37.25 0.018851650263
37.5 0.0185557641812
37.75 0.0182602090681
38.0 0.0179643229863
38.25 0.0176687678732
38.5 0.0173728817914
38.75 0.0170773266783
39.0 0.0167814405965
39.25 0.0164858854834
39.5 0.0161899994016
39.75 0.0158944442885
40.0 0.0155985582067
40.25 0.0153579439097
40.5 0.015116998644
40.75 0.014876384347
41.0 0.0146354390813
41.25 0.0143948247843
41.5 0.0141538795186
41.75 0.0139132652216
42.0 0.0136723199558
42.25 0.0134317056589
42.5 0.0131907603931
42.75 0.0129501460962
43.0 0.0127092008304
43.25 0.0124685865334
43.5 0.0122276412677
43.75 0.0119870269707
44.0 0.011746081705
44.25 0.011505467408
44.5 0.0112645221423
44.75 0.0110239078453
45.0 0.0107829625796
45.25 0.0105946413485
45.5 0.0104063201174
45.75 0.0102179988864
46.0 0.0100296776553
46.25 0.00984135642428
46.5 0.00965303519322
46.75 0.00946471396217
47.0 0.00927639273111
47.25 0.00908807150006
47.5 0.008899750269
47.75 0.00871142903795
48.0 0.00852310780689
48.25 0.00833478657584
48.5 0.00814646534478
48.75 0.00795814411373
49.0 0.00776982288267
49.25 0.00758150165162
49.5 0.00739318042056
49.75 0.00720485918951
50.0 0.00701653795846
50.25 0.00688746013752
50.5 0.00675838231659
50.75 0.00662930449565
51.0 0.00650022667472
51.25 0.00637114885379
51.5 0.00624207103285
51.75 0.00611299321192
52.0 0.00598391539098
52.25 0.00585483757005
52.5 0.00572575974912
52.75 0.00559668192818
53.0 0.00546760410725
53.25 0.00533852628632
53.5 0.00520944846538
53.75 0.00508037064445
54.0 0.00495129282351
54.25 0.00482221500258
54.5 0.00469313718165
54.75 0.00456405936071
55.0 0.00443498153978
55.25 0.00435389419073
55.5 0.00427280684168
55.75 0.00419171949263
56.0 0.00411063214359
56.25 0.00402954479454
56.5 0.00394845744549
56.75 0.00386737009644
57.0 0.00378628274739
57.25 0.00370519539834
57.5 0.0036241080493
57.75 0.00354302070025
58.0 0.0034619333512
58.25 0.00338084600215
58.5 0.0032997586531
58.75 0.00321867130406
59.0 0.00313758395501
59.25 0.00305649660596
59.5 0.00297540925691
59.75 0.00289432190786
60.0 0.00281323455881
60.25 0.00276474763377
60.5 0.00271626070873
60.75 0.00266777378369
61.0 0.00261928685864
61.25 0.0025707999336
61.5 0.00252231300856
61.75 0.00247382608351
62.0 0.00242533915847
62.25 0.00237685223343
62.5 0.00232836530838
62.75 0.00227987838334
63.0 0.0022313914583
63.25 0.00218290453325
63.5 0.00213441760821
63.75 0.00208593068317
64.0 0.00203744375812
64.25 0.00198895683308
64.5 0.00194046990804
64.75 0.001891982983
65.0 0.00184349605795
65.25 0.00181503274359
65.5 0.00178656942923
65.75 0.00175810611487
66.0 0.00172964280051
66.25 0.00170117948615
66.5 0.00167271617179
66.75 0.00164425285743
67.0 0.00161578954307
67.25 0.00158732622871
67.5 0.00155886291435
67.75 0.0015303996
68.0 0.00150193628564
68.25 0.00147347297128
68.5 0.00144500965692
68.75 0.00141654634256
69.0 0.0013880830282
69.25 0.00135961971384
69.5 0.00133115639948
69.75 0.00130269308512
70.0 0.00127422977076
70.25 0.00125784681656
70.5 0.00124146386237
70.75 0.00122508090817
71.0 0.00120869795398
71.25 0.00119231499978
71.5 0.00117593204558
71.75 0.00115954909139
72.0 0.00114316613719
72.25 0.001126783183
72.5 0.0011104002288
72.75 0.00109401727461
73.0 0.00107763432041
73.25 0.00106125136622
73.5 0.00104486841202
73.75 0.00102848545783
74.0 0.00101210250363
74.25 0.000995719549435
74.5 0.000979336595239
74.75 0.000962953641044
75.0 0.000946570686848
75.25 0.000935019876718
75.5 0.000923435969712
75.75 0.000911885159582
76.0 0.000900301252575
76.25 0.000888750442445
76.5 0.000877166535438
76.75 0.000865615725309
77.0 0.000854031818302
77.25 0.000842481008172
77.5 0.000830897101165
77.75 0.000819346291035
78.0 0.000807762384029
78.25 0.000796211573899
78.5 0.000784627666892
78.75 0.000773076856762
79.0 0.000761492949755
79.25 0.000749942139626
79.5 0.000738358232619
79.75 0.000726774325612
80.0 0.000715223515482
80.25 0.000699701080093
80.5 0.000684211741581
80.75 0.000668689306192
81.0 0.00065319996768
81.25 0.00063767753229
81.5 0.000622188193778
81.75 0.000606665758389
82.0 0.000591176419877
82.25 0.000575653984488
82.5 0.000560164645976
82.75 0.000544642210586
83.0 0.000529152872074
83.25 0.000513630436685
83.5 0.000498141098173
83.75 0.000482618662784
84.0 0.000467129324272
84.25 0.000451606888883
84.5 0.000436117550371
84.75 0.000420595114981
85.0 0.000405105776469
85.25 0.00039180083185
85.5 0.000378495887231
85.75 0.000365190942611
86.0 0.000351885997992
86.25 0.000338581053373
86.5 0.000325276108753
86.75 0.000311971164134
87.0 0.000298666219515
87.25 0.000285361274895
87.5 0.000272056330276
87.75 0.000258751385657
88.0 0.000245446441037
88.25 0.000232141496418
88.5 0.000218836551799
88.75 0.000205531607179
89.0 0.00019222666256
89.25 0.000178921717941
89.5 0.000165616773321
89.75 0.000152311828702
90.0 0.000139006884083
90.25 0.000139006884083
90.5 0.000139006884083
90.75 0.000139006884083
91.0 0.000139006884083
91.25 0.000139006884083
91.5 0.000139006884083
91.75 0.000139006884083
92.0 0.000139006884083
92.25 0.000139006884083
92.5 0.000139006884083
92.75 0.000139006884083
93.0 0.000139006884083
93.25 0.000139006884083
93.5 0.000139006884083
93.75 0.000139006884083
94.0 0.000139006884083
94.25 0.000139006884083
94.5 0.000139006884083
94.75 0.000139006884083
95.0 0.000139006884083
95.25 0.000139006884083
95.5 0.000139006884083
95.75 0.000139006884083
96.0 0.000139006884083
96.25 0.000139006884083
96.5 0.000139006884083
96.75 0.000139006884083
97.0 0.000139006884083
97.25 0.000139006884083
97.5 0.000139006884083
97.75 0.000139006884083
98.0 0.000139006884083
98.25 0.000139006884083
98.5 0.000139006884083
98.75 0.000139006884083
99.0 0.000139006884083
99.25 0.000139006884083
99.5 0.000139006884083
99.75 0.000139006884083
100.0 0
100.25 0
100.5 0
100.75 0
101.0 0
101.25 0
101.5 0
101.75 0
102.0 0
102.25 0
102.5 0
102.75 0
103.0 0
103.25 0
103.5 0
103.75 0
104.0 0
104.25 0
104.5 0
104.75 0
105.0 0
105.25 0
105.5 0
105.75 0
106.0 0
106.25 0
106.5 0
106.75 0
107.0 0
107.25 0
107.5 0
107.75 0
108.0 0
108.25 0
108.5 0
108.75 0
109.0 0
109.25 0
109.5 0
109.75 0
110.0 0
110.25 0
110.5 0
110.75 0
111.0 0
111.25 0
111.5 0
111.75 0
112.0 0
112.25 0
112.5 0
112.75 0
113.0 0
113.25 0
113.5 0
113.75 0
114.0 0
114.25 0
114.5 0
114.75 0
115.0 0
115.25 0
115.5 0
115.75 0
116.0 0
116.25 0
116.5 0
116.75 0
117.0 0
117.25 0
117.5 0
117.75 0
118.0 0
118.25 0
118.5 0
118.75 0
119.0 0
119.25 0
119.5 0
119.75 0
120.0 0
120.25 0
120.5 0
120.75 0
121.0 0
121.25 0
121.5 0
121.75 0
122.0 0
122.25 0
122.5 0
122.75 0
123.0 0
123.25 0
123.5 0
123.75 0
124.0 0
124.25 0
124.5 0
124.75 0
125.0 0
125.25 0
125.5 0
125.75 0
126.0 0
126.25 0
126.5 0
126.75 0
127.0 0
127.25 0
127.5 0
127.75 0
128.0 0
128.25 0
128.5 0
128.75 0
129.0 0
129.25 0
129.5 0
129.75 0
130.0 0
130.25 0
130.5 0
130.75 0
131.0 0
131.25 0
131.5 0
131.75 0
132.0 0
132.25 0
132.5 0
132.75 0
133.0 0
133.25 0
133.5 0
133.75 0
134.0 0
134.25 0
134.5 0
134.75 0
135.0 0
135.25 0
135.5 0
135.75 0
136.0 0
136.25 0
136.5 0
136.75 0
137.0 0
137.25 0
137.5 0
137.75 0
138.0 0
138.25 0
138.5 0
138.75 0
139.0 0
139.25 0
139.5 0
139.75 0
140.0 0
140.25 0
140.5 0
140.75 0
141.0 0
141.25 0
141.5 0
141.75 0
142.0 0
142.25 0
142.5 0
142.75 0
143.0 0
143.25 0
143.5 0
143.75 0
144.0 0
144.25 0
144.5 0
144.75 0
145.0 0
145.25 0
145.5 0
145.75 0
146.0 0
146.25 0
146.5 0
146.75 0
147.0 0
147.25 0
147.5 0
147.75 0
148.0 0
148.25 0
148.5 0
148.75 0
149.0 0
149.25 0
149.5 0
149.75 0
150.0 0
