0 0
0.25 7.89845e-08
0.5 1.06509e-07
0.75 1.43172e-07
1.0 1.82302e-07
1.25 2.14336e-07
1.5 2.47966e-07
1.75 3.48704e-07
2.0 6.34816e-07
2.25 1.30615e-06
2.5 2.60013e-06
2.75 4.90804e-06
3.0 8.62504e-06
3.25 1.43885e-05
3.5 2.27379e-05
3.75 3.4562e-05
4.0 5.04976e-05
4.25 7.16682e-05
4.5 9.87701e-05
4.75 0.000133125
5.0 0.00017544
5.25 0.000227026
5.5 0.000289278
5.75 0.000362561
6.0 0.000449076
6.25 0.000548748
6.5 0.000663955
6.75 0.000794639
7.0 0.000943614
7.25 0.00111069
7.5 0.00129915
7.75 0.00150886
8.0 0.00174368
8.25 0.00200366
8.5 0.00229322
8.75 0.00261224
9.0 0.00296582
9.25 0.00335383
9.5 0.00378184
9.75 0.00424945
10.0 0.00476285
10.25 0.00532122
10.5 0.00593119
10.75 0.00659161
11.0 0.00730937
11.25 0.00808641
11.5 0.0089404
11.75 0.00985683
12.0 0.0108433
12.25 0.0118972
12.5 0.0130262
12.75 0.0142271
13.0 0.015508
13.25 0.016866
13.5 0.0183091
13.75 0.0198366
14.0 0.0214696
14.25 0.0231914
14.5 0.025011
14.75 0.0269234
15.0 0.0289372
15.25 0.0310476
15.5 0.0332658
15.75 0.0355976
16.0 0.0380454
16.25 0.0405992
16.5 0.043269
16.75 0.0460473
17.0 0.0489448
17.25 0.0519678
17.5 0.0551157
17.75 0.0583784
18.0 0.0617641
18.25 0.0652602
18.5 0.0688868
18.75 0.0726395
19.0 0.0765121
19.25 0.0804983
19.5 0.0846042
19.75 0.0888174
20.0 0.0931567
20.25 0.0976033
20.5 0.102163
20.75 0.106818
21.0 0.111574
21.25 0.116436
21.5 0.121406
21.75 0.126459
22.0 0.131605
22.25 0.136821
22.5 0.142151
22.75 0.147543
23.0 0.153005
23.25 0.158537
23.5 0.164119
23.75 0.169763
24.0 0.175471
24.25 0.181217
24.5 0.187001
24.75 0.192816
25.0 0.19865
25.25 0.204497
25.5 0.210369
25.75 0.216241
26.0 0.222107
26.25 0.227953
26.5 0.233775
26.75 0.239565
27.0 0.245317
27.25 0.251038
27.5 0.256708
27.75 0.262315
28.0 0.267852
28.25 0.273314
28.5 0.278688
28.75 0.283974
29.0 0.289152
29.25 0.294235
29.5 0.299205
29.75 0.304074
30.0 0.308817
30.25 0.313434
30.5 0.317919
30.75 0.322271
31.0 0.326477
31.25 0.330546
31.5 0.334462
31.75 0.33824
32.0 0.341854
32.25 0.34533
32.5 0.348647
32.75 0.351813
33.0 0.354828
33.25 0.357692
33.5 0.360397
33.75 0.362952
34.0 0.365348
34.25 0.367594
34.5 0.369688
34.75 0.37163
35.0 0.373415
35.25 0.375055
35.5 0.376544
35.75 0.377893
36.0 0.379092
36.25 0.380151
36.5 0.381066
36.75 0.381842
37.0 0.382479
37.25 0.382983
37.5 0.383355
37.75 0.383601
38.0 0.383709
38.25 0.383702
38.5 0.38357
38.75 0.383318
39.0 0.382952
39.25 0.382472
39.5 0.381886
39.75 0.381198
40.0 0.380423
40.25 0.379559
40.5 0.378594
40.75 0.377534
41.0 0.37638
41.25 0.375143
41.5 0.373819
41.75 0.372413
42.0 0.370918
42.25 0.369347
42.5 0.367707
42.75 0.365992
43.0 0.364207
43.25 0.362384
43.5 0.360492
43.75 0.358543
44.0 0.356531
44.25 0.354469
44.5 0.352349
44.75 0.35018
45.0 0.347966
45.25 0.345702
45.5 0.343393
45.75 0.341047
46.0 0.338675
46.25 0.336279
46.5 0.333844
46.75 0.331384
47.0 0.328887
47.25 0.326364
47.5 0.32381
47.75 0.321236
48.0 0.318631
48.25 0.316008
48.5 0.313359
48.75 0.31071
49.0 0.308048
49.25 0.305374
49.5 0.302681
49.75 0.299981
50.0 0.297269
50.25 0.294544
50.5 0.291807
50.75 0.28907
51.0 0.286313
51.25 0.283557
51.5 0.280801
51.75 0.278057
52.0 0.275314
52.25 0.272564
52.5 0.269814
52.75 0.267058
53.0 0.264308
53.25 0.261558
53.5 0.258808
53.75 0.256064
54.0 0.253321
54.25 0.250577
54.5 0.247859
54.75 0.245153
55.0 0.242453
55.25 0.23976
55.5 0.23708
55.75 0.234406
56.0 0.231738
56.25 0.229089
56.5 0.22644
56.75 0.22381
57.0 0.221186
57.25 0.218575
57.5 0.215982
57.75 0.213422
58.0 0.210867
58.25 0.208332
58.5 0.205809
58.75 0.203305
59.0 0.200814
59.25 0.198335
59.5 0.195875
59.75 0.193434
60.0 0.191006
60.25 0.188597
60.5 0.186206
60.75 0.183828
61.0 0.181482
61.25 0.179161
61.5 0.176859
61.75 0.174582
62.0 0.172318
62.25 0.170079
62.5 0.167852
62.75 0.165651
63.0 0.163463
63.25 0.161299
63.5 0.159155
63.75 0.157023
64.0 0.154916
64.25 0.152829
64.5 0.150766
64.75 0.148716
65.0 0.146692
65.25 0.144699
65.5 0.142731
65.75 0.140782
66.0 0.138858
66.25 0.136947
66.5 0.135061
66.75 0.133195
67.0 0.131353
67.25 0.129524
67.5 0.12772
67.75 0.125935
68.0 0.124169
68.25 0.122422
68.5 0.120694
68.75 0.118985
69.0 0.117301
69.25 0.115629
69.5 0.113983
69.75 0.112356
70.0 0.110747
70.25 0.109158
70.5 0.107606
70.75 0.106074
71.0 0.104554
71.25 0.103059
71.5 0.101583
71.75 0.10012
72.0 0.0986818
72.25 0.0972627
72.5 0.0958562
72.75 0.0944686
73.0 0.0931
73.25 0.0917502
73.5 0.0904131
73.75 0.0890949
74.0 0.0877956
74.25 0.0865153
74.5 0.0852476
74.75 0.0839987
75.0 0.0827688
75.25 0.0815516
75.5 0.0803532
75.75 0.0791675
76.0 0.0780006
76.25 0.0768527
76.5 0.0757174
76.75 0.0746011
77.0 0.0734973
77.25 0.0724125
77.5 0.0713403
77.75 0.070287
78.0 0.0692589
78.25 0.0682498
78.5 0.0672532
78.75 0.0662693
79.0 0.0653043
79.25 0.0643519
79.5 0.0634122
79.75 0.0624819
80.0 0.061568
80.25 0.060666
80.5 0.059778
80.75 0.0589013
81.0 0.0580378
81.25 0.0571857
81.5 0.0563469
81.75 0.0555188
82.0 0.0547032
82.25 0.0538985
82.5 0.0531063
82.75 0.0523242
83.0 0.0515541
83.25 0.0507947
83.5 0.050046
83.75 0.0493081
84.0 0.0485815
84.25 0.0478644
84.5 0.047158
84.75 0.0464617
85.0 0.0457748
85.25 0.0450981
85.5 0.0444314
85.75 0.0437729
86.0 0.0431246
86.25 0.042485
86.5 0.0418543
86.75 0.0412324
87.0 0.0406187
87.25 0.0400132
87.5 0.0394166
87.75 0.0388269
88.0 0.038246
88.25 0.037672
88.5 0.0371056
88.75 0.0365468
89.0 0.035995
89.25 0.03545
89.5 0.034912
89.75 0.034381
90.0 0.0338562
90.25 0.0333377
90.5 0.0328269
90.75 0.0323204
91.0 0.0318209
91.25 0.031327
91.5 0.0308389
91.75 0.0303639
92.0 0.029901
92.25 0.0294424
92.5 0.0289896
92.75 0.0285405
93.0 0.0280959
93.25 0.0276556
93.5 0.0272198
93.75 0.0267878
94.0 0.0263608
94.25 0.0259369
94.5 0.0255181
94.75 0.0251038
95.0 0.0246932
95.25 0.0242876
95.5 0.0238858
95.75 0.0234891
96.0 0.0230968
96.25 0.0227096
96.5 0.0223267
96.75 0.0219489
97.0 0.0215762
97.25 0.0212085
97.5 0.0208464
97.75 0.0204888
98.0 0.0201375
98.25 0.0197906
98.5 0.0194494
98.75 0.0191138
99.0 0.018784
99.25 0.0184592
99.5 0.01814
99.75 0.0178259
100.0 0.0175181
