0 0
0.25 7.89845e-08
0.5 1.06559e-07
0.75 1.4e-07
1.0 1.40101e-07
1.25 1.39987e-07
1.5 5.24238e-07
1.75 2.48098e-06
2.0 8.11731e-06
2.25 2.13548e-05
2.5 4.70388e-05
2.75 9.31567e-05
3.0 0.000167695
3.25 0.000283519
3.5 0.000451599
3.75 0.000689877
4.0 0.00101154
4.25 0.00143967
4.5 0.00198877
4.75 0.00268685
5.0 0.00355415
5.25 0.00463135
5.5 0.00593958
5.75 0.0074866
6.0 0.00932829
6.25 0.0114778
6.5 0.0139842
6.75 0.0168597
7.0 0.0201816
7.25 0.0239508
7.5 0.028275
7.75 0.0331605
8.0 0.0387411
8.25 0.04504
8.5 0.0522176
8.75 0.0603204
9.0 0.0695617
9.25 0.0799874
9.5 0.0918827
9.75 0.10533
10.0 0.120687
10.25 0.138051
10.5 0.157906
10.75 0.180378
11.0 0.206105
11.25 0.235263
11.5 0.268672
11.75 0.306578
12.0 0.350085
12.25 0.399508
12.5 0.45631
12.75 0.52094
13.0 0.595295
13.25 0.679912
13.5 0.777357
13.75 0.888111
14.0 1.01539
14.25 1.1597
14.5 1.32463
14.75 1.5105
15.0 1.72085
15.25 1.95516
15.5 2.21627
15.75 2.5023
16.0 2.81419
16.25 3.14816
16.5 3.50274
16.75 3.87203
17.0 4.25178
17.25 4.63538
17.5 5.01665
17.75 5.38978
18.0 5.74853
18.25 6.08975
18.5 6.4087
18.75 6.70514
19.0 6.97698
19.25 7.22674
19.5 7.4538
19.75 7.6632
20.0 7.85494
20.25 8.0328
20.5 8.19994
20.75 8.35888
21.0 8.51088
21.25 8.65847
21.5 8.80164
21.75 8.94166
22.0 9.07726
22.25 9.20782
22.5 9.33018
22.75 9.44623
23.0 9.55156
23.25 9.6468
23.5 9.73005
23.75 9.80196
24.0 9.86061
24.25 9.90792
24.5 9.94387
24.75 9.9691
25.0 9.98486
25.25 9.99243
25.5 9.9918
25.75 9.98739
26.0 9.97729
26.25 9.96468
26.5 9.94891
26.75 9.93062
27.0 9.90981
27.25 9.88647
27.5 9.85935
27.75 9.82781
28.0 9.79186
28.25 9.75087
28.5 9.70419
28.75 9.65184
29.0 9.59508
29.25 9.5339
29.5 9.46831
29.75 9.40082
30.0 9.33207
30.25 9.26206
30.5 9.19205
30.75 9.12267
31.0 9.0533
31.25 8.98518
31.5 8.91769
31.75 8.85084
32.0 8.78398
32.25 8.71649
32.5 8.64711
32.75 8.5771
33.0 8.50394
33.25 8.42826
33.5 8.35068
33.75 8.26932
34.0 8.18606
34.25 8.10028
34.5 8.01261
34.75 7.92305
35.0 7.83286
35.25 7.74204
35.5 7.65121
35.75 7.55976
36.0 7.46894
36.25 7.37875
36.5 7.28918
36.75 7.19962
37.0 7.11132
37.25 7.02365
37.5 6.93724
37.75 6.85084
38.0 6.76569
38.25 6.68117
38.5 6.59792
38.75 6.51466
39.0 6.43267
39.25 6.35131
39.5 6.27026
39.75 6.18978
40.0 6.10987
40.25 6.03027
40.5 5.95112
40.75 5.87215
41.0 5.79357
41.25 5.71511
41.5 5.63702
41.75 5.55913
42.0 5.48168
42.25 5.40467
42.5 5.32829
42.75 5.2526
43.0 5.1778
43.25 5.10388
43.5 5.03103
43.75 4.95926
44.0 4.88862
44.25 4.81905
44.5 4.75062
44.75 4.68313
45.0 4.61671
45.25 4.55106
45.5 4.48628
45.75 4.42214
46.0 4.35869
46.25 4.29568
46.5 4.23324
46.75 4.17118
47.0 4.10956
47.25 4.04838
47.5 3.9877
47.75 3.92753
48.0 3.86799
48.25 3.80902
48.5 3.75087
48.75 3.69335
49.0 3.63671
49.25 3.58089
49.5 3.52595
49.75 3.47171
50.0 3.41842
50.25 3.36588
50.5 3.3141
50.75 3.26301
51.0 3.21261
51.25 3.16279
51.5 3.11359
51.75 3.0649
52.0 3.01678
52.25 2.96916
52.5 2.92211
52.75 2.87556
53.0 2.82958
53.25 2.78417
53.5 2.73951
53.75 2.69536
54.0 2.65203
54.25 2.60933
54.5 2.56739
54.75 2.52614
55.0 2.48565
55.25 2.44585
55.5 2.40675
55.75 2.36834
56.0 2.33062
56.25 2.29347
56.5 2.25689
56.75 2.22094
57.0 2.18549
57.25 2.15061
57.5 2.1163
57.75 2.08243
58.0 2.04907
58.25 2.01621
58.5 1.98398
58.75 1.95213
59.0 1.92091
59.25 1.89019
59.5 1.85998
59.75 1.83027
60.0 1.80114
60.25 1.7725
60.5 1.74437
60.75 1.71681
61.0 1.68969
61.25 1.66301
61.5 1.6369
61.75 1.6111
62.0 1.58581
62.25 1.56096
62.5 1.53655
62.75 1.51252
63.0 1.48887
63.25 1.46559
63.5 1.44276
63.75 1.42031
64.0 1.39823
64.25 1.3766
64.5 1.35528
64.75 1.33434
65.0 1.31378
65.25 1.2936
65.5 1.27379
65.75 1.2543
66.0 1.23519
66.25 1.2164
66.5 1.19792
66.75 1.17982
67.0 1.16203
67.25 1.1445
67.5 1.12728
67.75 1.11038
68.0 1.09379
68.25 1.07745
68.5 1.06137
68.75 1.0456
69.0 1.03009
69.25 1.01488
69.5 0.999874
69.75 0.985178
70.0 0.970735
70.25 0.956544
70.5 0.942605
70.75 0.928855
71.0 0.915421
71.25 0.902176
71.5 0.889183
71.75 0.87638
72.0 0.863828
72.25 0.851529
72.5 0.839357
72.75 0.827436
73.0 0.815705
73.25 0.804226
73.5 0.792873
73.75 0.781772
74.0 0.770798
74.25 0.760076
74.5 0.749543
74.75 0.739136
75.0 0.728918
75.25 0.71889
75.5 0.709051
75.75 0.699338
76.0 0.689814
76.25 0.680416
76.5 0.671271
76.75 0.662189
77.0 0.653359
77.25 0.644592
77.5 0.636014
77.75 0.62755
78.0 0.619256
78.25 0.611101
78.5 0.603078
78.75 0.595188
79.0 0.587424
79.25 0.579773
79.5 0.572274
79.75 0.564894
80.0 0.557635
80.25 0.550489
80.5 0.54345
80.75 0.536525
81.0 0.529707
81.25 0.523015
81.5 0.516424
81.75 0.509934
82.0 0.503538
82.25 0.497237
82.5 0.491025
82.75 0.484901
83.0 0.478884
83.25 0.472955
83.5 0.467102
83.75 0.461325
84.0 0.455623
84.25 0.449984
84.5 0.444415
84.75 0.438915
85.0 0.433497
85.25 0.42813
85.5 0.422819
85.75 0.417559
86.0 0.412349
86.25 0.407184
86.5 0.402062
86.75 0.396998
87.0 0.391977
87.25 0.386995
87.5 0.382044
87.75 0.37713
88.0 0.372249
88.25 0.367392
88.5 0.362567
88.75 0.357792
89.0 0.353043
89.25 0.348325
89.5 0.343627
89.75 0.338959
90.0 0.334311
90.25 0.329681
90.5 0.325102
90.75 0.320549
91.0 0.31602
91.25 0.311511
91.5 0.307026
91.75 0.302561
92.0 0.29812
92.25 0.293705
92.5 0.289328
92.75 0.284983
93.0 0.280662
93.25 0.276367
93.5 0.272103
93.75 0.267865
94.0 0.263664
94.25 0.259489
94.5 0.255377
94.75 0.251302
95.0 0.247266
95.25 0.24328
95.5 0.239338
95.75 0.23544
96.0 0.231586
96.25 0.227789
96.5 0.224043
96.75 0.220347
97.0 0.21672
97.25 0.21315
97.5 0.209644
97.75 0.206194
98.0 0.202807
98.25 0.199477
98.5 0.196203
98.75 0.192993
99.0 0.189839
99.25 0.186742
99.5 0.183709
99.75 0.180738
100.0 0.177824
