0 0
0.25 7.89845e-08
0.5 1.05721e-07
0.75 1.1059e-07
1.0 -2.57786e-07
1.25 -5.63519e-07
1.5 3.15869e-06
1.75 2.27739e-05
2.0 7.94008e-05
2.25 0.000212791
2.5 0.000472835
2.75 0.000942794
3.0 0.00171611
3.25 0.00295881
3.5 0.00480088
3.75 0.00750489
4.0 0.0112867
4.25 0.0165544
4.5 0.0236619
4.75 0.0332652
5.0 0.0459615
5.25 0.0627827
5.5 0.0851719
5.75 0.114412
6.0 0.153554
6.25 0.205071
6.5 0.275106
6.75 0.369246
7.0 0.501413
7.25 0.686093
7.5 0.959319
7.75 1.36304
8.0 2.00025
8.25 2.99552
8.5 4.62611
8.75 7.14223
9.0 10.8597
9.25 15.5402
9.5 20.5166
9.75 24.9473
10.0 28.3299
10.25 30.7556
10.5 32.3929
10.75 33.5774
11.0 34.5487
11.25 35.5301
11.5 36.685
11.75 38.0902
12.0 39.7944
12.25 41.7496
12.5 43.9029
12.75 46.1501
13.0 48.4056
13.25 50.6036
13.5 52.707
13.75 54.7228
14.0 56.6679
14.25 58.5777
14.5 60.4793
14.75 62.3885
15.0 64.3078
15.25 66.2378
15.5 68.1552
15.75 70.0536
16.0 71.9142
16.25 73.6992
16.5 75.3327
16.75 76.796
17.0 78.0511
17.25 79.1359
17.5 80.0946
17.75 81.0281
18.0 81.9931
18.25 83.0337
18.5 84.169
18.75 85.38
19.0 86.6288
19.25 87.8966
19.5 89.1391
19.75 90.3627
20.0 91.5547
20.25 92.7342
20.5 93.9073
20.75 95.0804
21.0 96.222
21.25 97.2753
21.5 98.1457
21.75 98.789
22.0 99.1738
22.25 99.3693
22.5 99.4639
22.75 99.5585
23.0 99.6846
23.25 99.8486
23.5 100
23.75 100.063
24.0 100.006
24.25 99.8234
24.5 99.5459
24.75 99.2368
25.0 98.953
25.25 98.726
25.5 98.5683
25.75 98.4421
26.0 98.3097
26.25 98.1205
26.5 97.7925
26.75 97.2879
27.0 96.6068
27.25 95.7868
27.5 94.8975
27.75 94.0082
28.0 93.163
28.25 92.3873
28.5 91.6809
28.75 91.0249
29.0 90.3942
29.25 89.7572
29.5 89.1138
29.75 88.4453
30.0 87.7641
30.25 87.0703
30.5 86.3828
30.75 85.6891
31.0 84.9953
31.25 84.2699
31.5 83.4816
31.75 82.6238
32.0 81.6777
32.25 80.6559
32.5 79.5963
32.75 78.5241
33.0 77.4645
33.25 76.4428
33.5 75.4588
33.75 74.5002
34.0 73.5604
34.25 72.6269
34.5 71.6935
34.75 70.7474
35.0 69.795
35.25 68.83
35.5 67.865
35.75 66.9063
36.0 65.9476
36.25 64.9953
36.5 64.0618
36.75 63.1536
37.0 62.263
37.25 61.3945
37.5 60.5424
37.75 59.6979
38.0 58.854
38.25 58.005
38.5 57.1485
38.75 56.2838
39.0 55.4128
39.25 54.5386
39.5 53.6638
39.75 52.7903
40.0 51.9199
40.25 51.052
40.5 50.1873
40.75 49.3251
41.0 48.4667
41.25 47.6178
41.5 46.7897
41.75 45.9899
42.0 45.2286
42.25 44.5046
42.5 43.8171
42.75 43.1523
43.0 42.5014
43.25 41.8512
43.5 41.1927
43.75 40.521
44.0 39.8341
44.25 39.1353
44.5 38.4283
44.75 37.7187
45.0 37.0104
45.25 36.3059
45.5 35.6064
45.75 34.9126
46.0 34.2252
46.25 33.5459
46.5 32.8798
46.75 32.2334
47.0 31.6134
47.25 31.0224
47.5 30.4623
47.75 29.9281
48.0 29.4147
48.25 28.9126
48.5 28.4156
48.75 27.9161
49.0 27.4084
49.25 26.8925
49.5 26.3664
49.75 25.8329
50.0 25.2949
50.25 24.7556
50.5 24.217
50.75 23.6815
51.0 23.1504
51.25 22.6269
51.5 22.1142
51.75 21.6172
52.0 21.1422
52.25 20.6913
52.5 20.2693
52.75 19.8732
53.0 19.503
53.25 19.1523
53.5 18.8161
53.75 18.4888
54.0 18.1634
54.25 17.8366
54.5 17.5049
54.75 17.1662
55.0 16.8218
55.25 16.4711
55.5 16.1173
55.75 15.761
56.0 15.4046
56.25 15.0501
56.5 14.7007
56.75 14.3589
57.0 14.029
57.25 13.713
57.5 13.4134
57.75 13.1315
58.0 12.8679
58.25 12.62
58.5 12.3879
58.75 12.1665
59.0 11.9552
59.25 11.7496
59.5 11.5471
59.75 11.3453
60.0 11.1429
60.25 10.9385
60.5 10.7316
60.75 10.5222
61.0 10.3109
61.25 10.0984
61.5 9.88521
61.75 9.67392
62.0 9.46578
62.25 9.26269
62.5 9.06654
62.75 8.87796
63.0 8.6982
63.25 8.52728
63.5 8.36645
63.75 8.21318
64.0 8.06875
64.25 7.93062
64.5 7.79817
64.75 7.67014
65.0 7.54462
65.25 7.42163
65.5 7.29991
65.75 7.17818
66.0 7.05708
66.25 6.93535
66.5 6.81299
66.75 6.69063
67.0 6.56891
67.25 6.44844
67.5 6.32986
67.75 6.21293
68.0 6.09953
68.25 5.98953
68.5 5.88357
68.75 5.78165
69.0 5.68395
69.25 5.59022
69.5 5.50041
69.75 5.41394
70.0 5.33068
70.25 5.24995
70.5 5.17162
70.75 5.09492
71.0 5.01974
71.25 4.94557
71.5 4.87228
71.75 4.79956
72.0 4.72753
72.25 4.65607
72.5 4.58543
72.75 4.51561
73.0 4.44699
73.25 4.37963
73.5 4.31378
73.75 4.24951
74.0 4.18713
74.25 4.12646
74.5 4.06774
74.75 4.01079
75.0 3.9556
75.25 3.90218
75.5 3.85033
75.75 3.79987
76.0 3.7508
76.25 3.70281
76.5 3.65594
76.75 3.60984
77.0 3.56462
77.25 3.51996
77.5 3.47613
77.75 3.4328
78.0 3.3901
78.25 3.34803
78.5 3.30653
78.75 3.26566
79.0 3.22548
79.25 3.18587
79.5 3.14696
79.75 3.10867
80.0 3.07108
80.25 3.03412
80.5 2.99779
80.75 2.96209
81.0 2.92696
81.25 2.89234
81.5 2.85828
81.75 2.82466
82.0 2.79142
82.25 2.75856
82.5 2.72595
82.75 2.6936
83.0 2.66137
83.25 2.62914
83.5 2.59697
83.75 2.56474
84.0 2.53239
84.25 2.49991
84.5 2.46723
84.75 2.43437
85.0 2.40126
85.25 2.36796
85.5 2.33441
85.75 2.30066
86.0 2.26673
86.25 2.23261
86.5 2.19836
86.75 2.16399
87.0 2.12949
87.25 2.09492
87.5 2.06036
87.75 2.02586
88.0 1.99136
88.25 1.95699
88.5 1.92267
88.75 1.88855
89.0 1.85462
89.25 1.82094
89.5 1.78745
89.75 1.75421
90.0 1.72122
90.25 1.68855
90.5 1.65607
90.75 1.62397
91.0 1.59212
91.25 1.56052
91.5 1.52923
91.75 1.49827
92.0 1.46761
92.25 1.43728
92.5 1.40732
92.75 1.37767
93.0 1.34847
93.25 1.31977
93.5 1.29152
93.75 1.26383
94.0 1.23664
94.25 1.21015
94.5 1.18423
94.75 1.159
95.0 1.13447
95.25 1.11063
95.5 1.08754
95.75 1.06515
96.0 1.04346
96.25 1.02258
96.5 1.0024
96.75 0.982908
97.0 0.964175
97.25 0.946137
97.5 0.928792
97.75 0.912078
98.0 0.896058
98.25 0.880669
98.5 0.86591
98.75 0.851656
99.0 0.837969
99.25 0.82485
99.5 0.812236
99.75 0.800126
100.0 0.788521
