0 0
0.25 7.89845e-08
0.5 1.06509e-07
0.75 1.43002e-07
1.0 1.79956e-07
1.25 2.10356e-07
1.5 2.6246e-07
1.75 4.60902e-07
2.0 1.02838e-06
2.25 2.35926e-06
2.5 4.93321e-06
2.75 9.54021e-06
3.0 1.69726e-05
3.25 2.85071e-05
3.5 4.52192e-05
3.75 6.88868e-05
4.0 0.000100782
4.25 0.00014316
4.5 0.000197408
4.75 0.000266194
5.0 0.000350905
5.25 0.000454286
5.5 0.000578978
5.75 0.000725765
6.0 0.000899022
6.25 0.00109877
6.5 0.00132974
6.75 0.00159186
7.0 0.00189063
7.25 0.00222586
7.5 0.00260404
7.75 0.00302517
8.0 0.003497
8.25 0.00401955
8.5 0.00460189
8.75 0.00524396
9.0 0.0059561
9.25 0.00673794
9.5 0.00761526
9.75 0.00858026
10.0 0.00964049
10.25 0.0107953
10.5 0.012058
10.75 0.0134267
11.0 0.0149152
11.25 0.0165248
11.5 0.0182819
11.75 0.0201722
12.0 0.0222113
12.25 0.0243936
12.5 0.0267373
12.75 0.0292463
13.0 0.0319426
13.25 0.0348092
13.5 0.0378675
13.75 0.041112
14.0 0.0445771
14.25 0.0482435
14.5 0.0521318
14.75 0.0562353
15.0 0.0605929
15.25 0.0651782
15.5 0.0700221
15.75 0.075112
16.0 0.0804856
16.25 0.0861179
16.5 0.0920341
16.75 0.098234
17.0 0.104737
17.25 0.111529
17.5 0.118644
17.75 0.126049
18.0 0.133781
18.25 0.141823
18.5 0.150186
18.75 0.158865
19.0 0.167871
19.25 0.177174
19.5 0.186818
19.75 0.196758
20.0 0.207014
20.25 0.217572
20.5 0.228426
20.75 0.239565
21.0 0.251006
21.25 0.262706
21.5 0.274683
21.75 0.286913
22.0 0.299388
22.25 0.312103
22.5 0.325058
22.75 0.33819
23.0 0.351529
23.25 0.365039
23.5 0.378701
23.75 0.392513
24.0 0.406446
24.25 0.420467
24.5 0.43457
24.75 0.448729
25.0 0.462908
25.25 0.477086
25.5 0.49122
25.75 0.505323
26.0 0.519344
26.25 0.533251
26.5 0.547039
26.75 0.560681
27.0 0.574128
27.25 0.587367
27.5 0.600366
27.75 0.613125
28.0 0.625601
28.25 0.63778
28.5 0.649637
28.75 0.661116
29.0 0.67228
29.25 0.683065
29.5 0.693409
29.75 0.703437
30.0 0.712961
30.25 0.722107
30.5 0.73081
30.75 0.739073
31.0 0.746894
31.25 0.754336
31.5 0.761274
31.75 0.76777
32.0 0.773825
32.25 0.779439
32.5 0.784674
32.75 0.789467
33.0 0.793819
33.25 0.797792
33.5 0.801324
33.75 0.804478
34.0 0.807253
34.25 0.80965
34.5 0.811668
34.75 0.813308
35.0 0.814633
35.25 0.815579
35.5 0.816146
35.75 0.816462
36.0 0.816399
36.25 0.81602
36.5 0.815326
36.75 0.81438
37.0 0.813119
37.25 0.811542
37.5 0.809776
37.75 0.807758
38.0 0.805487
38.25 0.802964
38.5 0.800189
38.75 0.797225
39.0 0.794008
39.25 0.790602
39.5 0.78707
39.75 0.783286
40.0 0.779376
40.25 0.775276
40.5 0.77105
40.75 0.766635
41.0 0.762094
41.25 0.757427
41.5 0.752633
41.75 0.747777
42.0 0.742731
42.25 0.737622
42.5 0.732387
42.75 0.727089
43.0 0.721728
43.25 0.716241
43.5 0.710691
43.75 0.70514
44.0 0.699464
44.25 0.693724
44.5 0.687985
44.75 0.682182
45.0 0.676317
45.25 0.670388
45.5 0.664459
45.75 0.65853
46.0 0.652539
46.25 0.64661
46.5 0.640555
46.75 0.634563
47.0 0.628515
47.25 0.62246
47.5 0.616405
47.75 0.610356
48.0 0.604308
48.25 0.598259
48.5 0.592204
48.75 0.586143
49.0 0.580095
49.25 0.574071
49.5 0.568061
49.75 0.562062
50.0 0.556071
50.25 0.550091
50.5 0.544125
50.75 0.53819
51.0 0.532286
51.25 0.526402
51.5 0.520536
51.75 0.514696
52.0 0.508868
52.25 0.503065
52.5 0.497313
52.75 0.49158
53.0 0.485878
53.25 0.480196
53.5 0.474551
53.75 0.468925
54.0 0.463336
54.25 0.457799
54.5 0.452293
54.75 0.446824
55.0 0.441388
55.25 0.435982
55.5 0.430615
55.75 0.425279
56.0 0.420013
56.25 0.414778
56.5 0.409587
56.75 0.404428
57.0 0.399313
57.25 0.394229
57.5 0.38919
57.75 0.384201
58.0 0.379268
58.25 0.374374
58.5 0.369524
58.75 0.364711
59.0 0.359937
59.25 0.355213
59.5 0.350527
59.75 0.345891
60.0 0.341312
60.25 0.336777
60.5 0.332293
60.75 0.327846
61.0 0.323444
61.25 0.319085
61.5 0.314765
61.75 0.310495
62.0 0.306282
62.25 0.302119
62.5 0.298001
62.75 0.293926
63.0 0.289896
63.25 0.285904
63.5 0.281962
63.75 0.278057
64.0 0.274197
64.25 0.270382
64.5 0.266629
64.75 0.262914
65.0 0.259243
65.25 0.255617
65.5 0.252034
65.75 0.248496
66.0 0.244995
66.25 0.241539
66.5 0.23812
66.75 0.23474
67.0 0.231416
67.25 0.228136
67.5 0.224901
67.75 0.221703
68.0 0.218549
68.25 0.215434
68.5 0.212356
68.75 0.209316
69.0 0.206313
69.25 0.203349
69.5 0.200423
69.75 0.197534
70.0 0.194683
70.25 0.191876
70.5 0.18912
70.75 0.186395
71.0 0.183709
71.25 0.18106
71.5 0.178448
71.75 0.175863
72.0 0.173321
72.25 0.17081
72.5 0.168332
72.75 0.165885
73.0 0.163475
73.25 0.161091
73.5 0.158745
73.75 0.15643
74.0 0.154147
74.25 0.151914
74.5 0.149707
74.75 0.147537
75.0 0.145393
75.25 0.143286
75.5 0.141205
75.75 0.139149
76.0 0.13713
76.25 0.135131
76.5 0.133169
76.75 0.131227
77.0 0.129322
77.25 0.127436
77.5 0.125582
77.75 0.123753
78.0 0.121949
78.25 0.12017
78.5 0.118417
78.75 0.116695
79.0 0.114992
79.25 0.113321
79.5 0.111687
79.75 0.110073
80.0 0.108489
80.25 0.106925
80.5 0.105386
80.75 0.103866
81.0 0.102371
81.25 0.100896
81.5 0.099445
81.75 0.0980132
82.0 0.0966067
82.25 0.0952192
82.5 0.0938505
82.75 0.0925008
83.0 0.09117
83.25 0.0898581
83.5 0.0885651
83.75 0.0872911
84.0 0.086036
84.25 0.0847997
84.5 0.0835762
84.75 0.0823715
85.0 0.0811857
85.25 0.0800126
85.5 0.0788647
85.75 0.0777231
86.0 0.0766004
86.25 0.0754904
86.5 0.0743992
86.75 0.0733207
87.0 0.0722674
87.25 0.0712267
87.5 0.070205
87.75 0.0691958
88.0 0.068193
88.25 0.0672091
88.5 0.0662315
88.75 0.0652665
89.0 0.0643141
89.25 0.0633743
89.5 0.0624415
89.75 0.0615188
90.0 0.0606061
90.25 0.0597029
90.5 0.0588105
90.75 0.0579256
91.0 0.0570508
91.25 0.0561835
91.5 0.0553264
91.75 0.0544775
92.0 0.0536367
92.25 0.0528048
92.5 0.0519817
92.75 0.0511668
93.0 0.0503601
93.25 0.0495623
93.5 0.0487726
93.75 0.0479918
94.0 0.0472198
94.25 0.046456
94.5 0.045701
94.75 0.0449549
95.0 0.0442182
95.25 0.0434898
95.5 0.0427714
95.75 0.0420618
96.0 0.0413617
96.25 0.0406711
96.5 0.0399905
96.75 0.0393188
97.0 0.0386578
97.25 0.0380057
97.5 0.0373642
97.75 0.0367323
98.0 0.0361104
98.25 0.0355011
98.5 0.0349126
98.75 0.0343343
99.0 0.0337647
99.25 0.033204
99.5 0.0326528
99.75 0.0321104
100.0 0.0315768
