0 0
0.25 7.89845e-08
0.5 1.06358e-07
0.75 1.36834e-07
1.0 9.60202e-08
1.25 6.14904e-08
1.5 8.15894e-07
1.75 4.72904e-06
2.0 1.60069e-05
2.25 4.25008e-05
2.5 9.39325e-05
2.75 0.000186351
3.0 0.000335863
3.25 0.000568546
3.5 0.000906465
3.75 0.00138638
4.0 0.00203532
4.25 0.00291
4.5 0.00405033
4.75 0.00550735
5.0 0.00731946
5.25 0.00956796
5.5 0.0123166
5.75 0.0156102
6.0 0.0195661
6.25 0.0242144
6.5 0.0297124
6.75 0.0360965
7.0 0.0435705
7.25 0.0521936
7.5 0.062251
7.75 0.0738505
8.0 0.087392
8.25 0.103046
8.5 0.121419
8.75 0.142781
9.0 0.168023
9.25 0.197603
9.5 0.232886
9.75 0.274582
10.0 0.324793
10.25 0.384686
10.5 0.457534
10.75 0.54521
11.0 0.652854
11.25 0.783349
11.5 0.94456
11.75 1.14078
12.0 1.38341
12.25 1.67796
12.5 2.03917
12.75 2.4714
13.0 2.98915
13.25 3.59016
13.5 4.27972
13.75 5.04201
14.0 5.86452
14.25 6.71902
14.5 7.57994
14.75 8.42195
15.0 9.22233
15.25 9.97288
15.5 10.6635
15.75 11.3018
16.0 11.8877
16.25 12.4339
16.5 12.9429
16.75 13.4229
17.0 13.8739
17.25 14.2977
17.5 14.6913
17.75 15.0552
18.0 15.3869
18.25 15.6884
18.5 15.9615
18.75 16.2126
19.0 16.4465
19.25 16.6705
19.5 16.8906
19.75 17.112
20.0 17.3396
20.25 17.5743
20.5 17.8177
20.75 18.0687
21.0 18.3248
21.25 18.5828
21.5 18.8357
21.75 19.0773
22.0 19.2993
22.25 19.4961
22.5 19.655
22.75 19.7881
23.0 19.8877
23.25 19.9609
23.5 20.0095
23.75 20.0404
24.0 20.0549
24.25 20.0574
24.5 20.0479
24.75 20.0296
25.0 20.0032
25.25 19.9697
25.5 19.9313
25.75 19.8903
26.0 19.848
26.25 19.8038
26.5 19.7584
26.75 19.7086
27.0 19.6518
27.25 19.5825
27.5 19.4973
27.75 19.3951
28.0 19.2766
28.25 19.1435
28.5 18.9984
28.75 18.8452
29.0 18.6887
29.25 18.533
29.5 18.3797
29.75 18.2315
30.0 18.0883
30.25 17.9502
30.5 17.8171
30.75 17.6859
31.0 17.5572
31.25 17.4279
31.5 17.2968
31.75 17.1611
32.0 17.0199
32.25 16.871
32.5 16.7127
32.75 16.5462
33.0 16.3702
33.25 16.188
33.5 15.9987
33.75 15.8057
34.0 15.6108
34.25 15.4153
34.5 15.2211
34.75 15.0287
35.0 14.8389
35.25 14.6515
35.5 14.4661
35.75 14.2826
36.0 14.1003
36.25 13.9193
36.5 13.7389
36.75 13.5598
37.0 13.3806
37.25 13.2034
37.5 13.0274
37.75 12.8534
38.0 12.6812
38.25 12.5109
38.5 12.3425
38.75 12.176
39.0 12.0114
39.25 11.8474
39.5 11.6846
39.75 11.5225
40.0 11.3611
40.25 11.199
40.5 11.0375
40.75 10.8754
41.0 10.714
41.25 10.5519
41.5 10.391
41.75 10.2302
42.0 10.0713
42.25 9.91422
42.5 9.7597
42.75 9.60833
43.0 9.46011
43.25 9.31504
43.5 9.17376
43.75 9.03563
44.0 8.90066
44.25 8.76821
44.5 8.63765
44.75 8.50836
45.0 8.38032
45.25 8.25355
45.5 8.12677
45.75 8
46.0 7.87386
46.25 7.74708
46.5 7.62094
46.75 7.4948
47.0 7.36928
47.25 7.24503
47.5 7.12204
47.75 7.00095
48.0 6.88174
48.25 6.76569
48.5 6.65153
48.75 6.54052
49.0 6.43141
49.25 6.32545
49.5 6.22107
49.75 6.11889
50.0 6.01848
50.25 5.91939
50.5 5.82157
50.75 5.72463
51.0 5.62838
51.25 5.5327
51.5 5.43753
51.75 5.34292
52.0 5.24894
52.25 5.15566
52.5 5.06345
52.75 4.97244
53.0 4.88288
53.25 4.79502
53.5 4.70905
53.75 4.62498
54.0 4.54305
54.25 4.46307
54.5 4.38524
54.75 4.3093
55.0 4.23526
55.25 4.16285
55.5 4.09202
55.75 4.02252
56.0 3.95434
56.25 3.8871
56.5 3.82088
56.75 3.75547
57.0 3.69082
57.25 3.62699
57.5 3.56399
57.75 3.5018
58.0 3.44049
58.25 3.3802
58.5 3.32097
58.75 3.26282
59.0 3.20587
59.25 3.15011
59.5 3.09562
59.75 3.04232
60.0 2.99035
60.25 2.93951
60.5 2.88981
60.75 2.84125
61.0 2.79376
61.25 2.74715
61.5 2.70155
61.75 2.6567
62.0 2.61274
62.25 2.56947
62.5 2.52696
62.75 2.48521
63.0 2.44415
63.25 2.40378
63.5 2.36424
63.75 2.32532
64.0 2.28716
64.25 2.24976
64.5 2.21312
64.75 2.17717
65.0 2.14204
65.25 2.10754
65.5 2.07386
65.75 2.04081
66.0 2.00839
66.25 1.97673
66.5 1.94563
66.75 1.91517
67.0 1.88521
67.25 1.85588
67.5 1.82712
67.75 1.7988
68.0 1.77105
68.25 1.7438
68.5 1.71706
68.75 1.69082
69.0 1.66503
69.25 1.6398
69.5 1.61501
69.75 1.59073
70.0 1.56689
70.25 1.54355
70.5 1.52066
70.75 1.4982
71.0 1.47625
71.25 1.45462
71.5 1.43343
71.75 1.41268
72.0 1.39231
72.25 1.37225
72.5 1.35263
72.75 1.33333
73.0 1.31441
73.25 1.29581
73.5 1.27758
73.75 1.25967
74.0 1.24207
74.25 1.22479
74.5 1.20782
74.75 1.19123
75.0 1.1749
75.25 1.15888
75.5 1.14317
75.75 1.12778
76.0 1.11271
76.25 1.09782
76.5 1.08325
76.75 1.06894
77.0 1.05494
77.25 1.04119
77.5 1.02763
77.75 1.01432
78.0 1.00132
78.25 0.988458
78.5 0.975844
78.75 0.963482
79.0 0.951372
79.25 0.939388
79.5 0.927657
79.75 0.916052
80.0 0.904699
80.25 0.893535
80.5 0.882561
80.75 0.871775
81.0 0.861116
81.25 0.850646
81.5 0.840366
81.75 0.830211
82.0 0.820246
82.25 0.810407
82.5 0.800757
82.75 0.79117
83.0 0.781772
83.25 0.772438
83.5 0.763292
83.75 0.75421
84.0 0.745254
84.25 0.736424
84.5 0.727594
84.75 0.71889
85.0 0.710312
85.25 0.701798
85.5 0.693283
85.75 0.684894
86.0 0.676506
86.25 0.66818
86.5 0.659918
86.75 0.651719
87.0 0.643582
87.25 0.635383
87.5 0.627304
87.75 0.619243
88.0 0.611202
88.25 0.603185
88.5 0.595194
88.75 0.587247
89.0 0.579331
89.25 0.571435
89.5 0.563564
89.75 0.555717
90.0 0.547922
90.25 0.540151
90.5 0.5324
90.75 0.52468
91.0 0.516998
91.25 0.509354
91.5 0.501747
91.75 0.494166
92.0 0.48661
92.25 0.479104
92.5 0.471649
92.75 0.464232
93.0 0.456853
93.25 0.449524
93.5 0.442252
93.75 0.435043
94.0 0.427909
94.25 0.420833
94.5 0.413825
94.75 0.406887
95.0 0.400057
95.25 0.393308
95.5 0.386654
95.75 0.380095
96.0 0.37363
96.25 0.367266
96.5 0.361009
96.75 0.354872
97.0 0.348855
97.25 0.342939
97.5 0.337143
97.75 0.331454
98.0 0.325885
98.25 0.320423
98.5 0.315087
98.75 0.309877
99.0 0.304787
99.25 0.299804
99.5 0.294942
99.75 0.290186
100.0 0.285544
