0 0
0.25 7.89845e-08
0.5 1.06509e-07
0.75 1.42674e-07
1.0 1.7549e-07
1.25 2.02504e-07
1.5 2.91441e-07
1.75 6.85462e-07
2.0 1.81501e-06
2.25 4.4673e-06
2.5 9.60517e-06
2.75 1.88155e-05
3.0 3.36872e-05
3.25 5.67726e-05
3.5 9.02239e-05
3.75 0.000137603
4.0 0.000201463
4.25 0.00028632
4.5 0.000394954
4.75 0.000532854
5.0 0.000702617
5.25 0.000909808
5.5 0.00115982
5.75 0.00145443
6.0 0.00180208
6.25 0.00220315
6.5 0.00266717
6.75 0.00319413
7.0 0.00379495
7.25 0.00446976
7.5 0.00523154
7.75 0.00609007
8.0 0.00706276
8.25 0.00814065
8.5 0.00934406
8.75 0.010673
9.0 0.0121488
9.25 0.0137761
9.5 0.01559
9.75 0.0175806
10.0 0.0197761
10.25 0.0221722
10.5 0.0248168
10.75 0.027701
11.0 0.030854
11.25 0.0342744
11.5 0.0380145
11.75 0.0420555
12.0 0.0464447
12.25 0.0511807
12.5 0.0563027
12.75 0.0618114
13.0 0.0677515
13.25 0.0741154
13.5 0.0809713
13.75 0.0882939
14.0 0.0961589
14.25 0.104547
14.5 0.113529
14.75 0.123084
15.0 0.133302
15.25 0.144156
15.5 0.155736
15.75 0.168016
16.0 0.181079
16.25 0.19491
16.5 0.209599
16.75 0.225115
17.0 0.241564
17.25 0.258896
17.5 0.277219
17.75 0.296487
18.0 0.31679
18.25 0.338076
18.5 0.360442
18.75 0.38381
19.0 0.408275
19.25 0.433743
19.5 0.460296
19.75 0.487846
20.0 0.516443
20.25 0.545992
20.5 0.576531
20.75 0.607953
21.0 0.640303
21.25 0.673415
21.5 0.707411
21.75 0.742037
22.0 0.777357
22.25 0.813245
22.5 0.849637
22.75 0.886534
23.0 0.923683
23.25 0.961148
23.5 0.998802
23.75 1.03646
24.0 1.07405
24.25 1.11157
24.5 1.14872
24.75 1.18556
25.0 1.22189
25.25 1.25765
25.5 1.2924
25.75 1.32665
26.0 1.35989
26.25 1.39218
26.5 1.42327
26.75 1.45336
27.0 1.48212
27.25 1.50968
27.5 1.53586
27.75 1.56071
28.0 1.58417
28.25 1.60618
28.5 1.62674
28.75 1.64592
29.0 1.66358
29.25 1.67991
29.5 1.69467
29.75 1.7081
30.0 1.72015
30.25 1.73081
30.5 1.74015
30.75 1.74828
31.0 1.75516
31.25 1.7609
31.5 1.76544
31.75 1.76897
32.0 1.77149
32.25 1.77307
32.5 1.77364
32.75 1.77338
33.0 1.77231
33.25 1.77042
33.5 1.76771
33.75 1.76443
34.0 1.76039
34.25 1.75572
34.5 1.75036
34.75 1.74443
35.0 1.73781
35.25 1.73075
35.5 1.72305
35.75 1.71492
36.0 1.70621
36.25 1.69707
36.5 1.68748
36.75 1.67745
37.0 1.66705
37.25 1.65626
37.5 1.6451
37.75 1.63368
38.0 1.62195
38.25 1.6099
38.5 1.5976
38.75 1.58505
39.0 1.57237
39.25 1.55951
39.5 1.54639
39.75 1.53321
40.0 1.5199
40.25 1.50646
40.5 1.4929
40.75 1.47922
41.0 1.46553
41.25 1.45178
41.5 1.43797
41.75 1.42409
42.0 1.41022
42.25 1.39634
42.5 1.38234
42.75 1.3684
43.0 1.35446
43.25 1.34052
43.5 1.32658
43.75 1.31265
44.0 1.29877
44.25 1.28489
44.5 1.27108
44.75 1.25733
45.0 1.24365
45.25 1.22996
45.5 1.21634
45.75 1.20284
46.0 1.18934
46.25 1.17597
46.5 1.1626
46.75 1.14935
47.0 1.13617
47.25 1.12305
47.5 1.11
47.75 1.097
48.0 1.08414
48.25 1.07133
48.5 1.05859
48.75 1.04592
49.0 1.03343
49.25 1.02094
49.5 1.00851
49.75 0.996279
50.0 0.984106
50.25 0.971996
50.5 0.95995
50.75 0.948029
51.0 0.936235
51.25 0.924566
51.5 0.912898
51.75 0.901419
52.0 0.890003
52.25 0.87865
52.5 0.867424
52.75 0.85626
53.0 0.845222
53.25 0.834248
53.5 0.8234
53.75 0.812677
54.0 0.802018
54.25 0.791485
54.5 0.781015
54.75 0.770672
55.0 0.760454
55.25 0.7503
55.5 0.740271
55.75 0.730306
56.0 0.72053
56.25 0.710817
56.5 0.70123
56.75 0.691706
57.0 0.682308
57.25 0.672974
57.5 0.663765
57.75 0.654683
58.0 0.645727
58.25 0.636771
58.5 0.628016
58.75 0.619338
59.0 0.610754
59.25 0.602264
59.5 0.593869
59.75 0.585582
60.0 0.577408
60.25 0.569328
60.5 0.56135
60.75 0.553459
61.0 0.54567
61.25 0.537988
61.5 0.530413
61.75 0.52292
62.0 0.515528
62.25 0.508218
62.5 0.501009
62.75 0.493901
63.0 0.486887
63.25 0.479956
63.5 0.473113
63.75 0.466351
64.0 0.459691
64.25 0.453125
64.5 0.446648
64.75 0.440246
65.0 0.433939
65.25 0.427707
65.5 0.421558
65.75 0.415497
66.0 0.409536
66.25 0.403652
66.5 0.397849
66.75 0.392116
67.0 0.386471
67.25 0.380889
67.5 0.375396
67.75 0.369991
68.0 0.364661
68.25 0.359401
68.5 0.35421
68.75 0.349095
69.0 0.344049
69.25 0.339067
69.5 0.334166
69.75 0.329341
70.0 0.324592
70.25 0.319905
70.5 0.315282
70.75 0.310728
71.0 0.306238
71.25 0.30181
71.5 0.297439
71.75 0.293138
72.0 0.288912
72.25 0.284749
72.5 0.28065
72.75 0.276607
73.0 0.272621
73.25 0.268691
73.5 0.264819
73.75 0.260997
74.0 0.257237
74.25 0.253523
74.5 0.249883
74.75 0.246295
75.0 0.242769
75.25 0.239287
75.5 0.235863
75.75 0.232482
76.0 0.229158
76.25 0.225878
76.5 0.222649
76.75 0.219464
77.0 0.216329
77.25 0.213232
77.5 0.210199
77.75 0.207215
78.0 0.204276
78.25 0.201388
78.5 0.198537
78.75 0.19573
79.0 0.192968
79.25 0.190243
79.5 0.187556
79.75 0.184913
80.0 0.182308
80.25 0.179741
80.5 0.177212
80.75 0.174721
81.0 0.172267
81.25 0.169852
81.5 0.167487
81.75 0.165159
82.0 0.162863
82.25 0.160599
82.5 0.158373
82.75 0.156178
83.0 0.154015
83.25 0.151883
83.5 0.149782
83.75 0.147707
84.0 0.145664
84.25 0.143652
84.5 0.141665
84.75 0.139704
85.0 0.137767
85.25 0.135856
85.5 0.13397
85.75 0.13211
86.0 0.130274
86.25 0.128471
86.5 0.126698
86.75 0.124945
87.0 0.12321
87.25 0.121495
87.5 0.119804
87.75 0.118133
88.0 0.116474
88.25 0.114841
88.5 0.11322
88.75 0.111611
89.0 0.110028
89.25 0.108458
89.5 0.1069
89.75 0.105361
90.0 0.103835
90.25 0.102327
90.5 0.100833
90.75 0.0993504
91.0 0.0978808
91.25 0.0964238
91.5 0.0949858
91.75 0.0935604
92.0 0.0921602
92.25 0.0907726
92.5 0.089404
92.75 0.0880416
93.0 0.0866982
93.25 0.0853611
93.5 0.0840366
93.75 0.082731
94.0 0.0814317
94.25 0.0801451
94.5 0.0788773
94.75 0.0776159
95.0 0.0763734
95.25 0.0751435
95.5 0.0739262
95.75 0.0727215
96.0 0.0715358
96.25 0.0703627
96.5 0.0692021
96.75 0.0680605
97.0 0.0669316
97.25 0.0658215
97.5 0.0647241
97.75 0.0636455
98.0 0.0625803
98.25 0.0615333
98.5 0.0605033
98.75 0.0594891
99.0 0.0584926
99.25 0.0575125
99.5 0.0565494
99.75 0.0556058
100.0 0.0546906
