0 0
0.25 7.89845e-08
0.5 1.06238e-07
0.75 1.26881e-07
1.0 -3.66799e-08
1.25 -1.72993e-07
1.5 1.6924e-06
1.75 1.14841e-05
2.0 3.97237e-05
2.25 0.000106124
2.5 0.000235219
2.75 0.00046777
3.0 0.00084497
3.25 0.00143374
3.5 0.00230659
3.75 0.00356827
4.0 0.00529341
4.25 0.00764175
4.5 0.0107203
4.75 0.0147392
5.0 0.0198448
5.25 0.0263021
5.5 0.0344257
5.75 0.0444194
6.0 0.0568452
6.25 0.071971
6.5 0.0906276
6.75 0.113283
7.0 0.141287
7.25 0.175484
7.5 0.218284
7.75 0.27141
8.0 0.339432
8.25 0.426086
8.5 0.540681
8.75 0.69158
9.0 0.898833
9.25 1.18146
9.5 1.58366
9.75 2.14652
10.0 2.95825
10.25 4.083
10.5 5.6292
10.75 7.58877
11.0 9.90224
11.25 12.34
11.5 14.6427
11.75 16.6383
12.0 18.2403
12.25 19.5232
12.5 20.5626
12.75 21.4809
13.0 22.362
13.25 23.2703
13.5 24.246
13.75 25.2904
14.0 26.3942
14.25 27.5251
14.5 28.6522
14.75 29.749
15.0 30.7985
15.25 31.8026
15.5 32.7676
15.75 33.713
16.0 34.6515
16.25 35.5869
16.5 36.5084
16.75 37.3945
17.0 38.2138
17.25 38.9518
17.5 39.5919
17.75 40.152
18.0 40.6509
18.25 41.122
18.5 41.5963
18.75 42.0965
19.0 42.6389
19.25 43.2204
19.5 43.8379
19.75 44.4743
20.0 45.1176
20.25 45.7559
20.5 46.3816
20.75 46.9927
21.0 47.585
21.25 48.1488
21.5 48.6585
21.75 49.0937
22.0 49.4279
22.25 49.6632
22.5 49.7963
22.75 49.8827
23.0 49.9344
23.25 49.976
23.5 50.0126
23.75 50.0397
24.0 50.0442
24.25 50.0145
24.5 49.9439
24.75 49.8392
25.0 49.7111
25.25 49.5762
25.5 49.4525
25.75 49.3434
26.0 49.2526
26.25 49.1618
26.5 49.0482
26.75 48.8887
27.0 48.6604
27.25 48.3614
27.5 47.9931
27.75 47.5793
28.0 47.1429
28.25 46.7077
28.5 46.2933
28.75 45.9073
29.0 45.5516
29.25 45.2192
29.5 44.9007
29.75 44.5878
30.0 44.2706
30.25 43.947
30.5 43.6134
30.75 43.274
31.0 42.9272
31.25 42.5721
31.5 42.2025
31.75 41.812
32.0 41.392
32.25 40.941
32.5 40.4598
32.75 39.9552
33.0 39.4368
33.25 38.9152
33.5 38.3986
33.75 37.8928
34.0 37.4002
34.25 36.9202
34.5 36.451
34.75 35.9868
35.0 35.5244
35.25 35.0615
35.5 34.5954
35.75 34.1261
36.0 33.655
36.25 33.1832
36.5 32.7146
36.75 32.251
37.0 31.7963
37.25 31.351
37.5 30.9164
37.75 30.4894
38.0 30.0694
38.25 29.6525
38.5 29.2362
38.75 28.8193
39.0 28.3992
39.25 27.9773
39.5 27.5522
39.75 27.1252
40.0 26.6976
40.25 26.2699
40.5 25.843
40.75 25.4178
41.0 24.994
41.25 24.574
41.5 24.1589
41.75 23.7515
42.0 23.356
42.25 22.9726
42.5 22.6036
42.75 22.2485
43.0 21.906
43.25 21.5724
43.5 21.2457
43.75 20.9215
44.0 20.5973
44.25 20.2712
44.5 19.9413
44.75 19.6083
45.0 19.2722
45.25 18.9335
45.5 18.5935
45.75 18.2529
46.0 17.9136
46.25 17.5755
46.5 17.2425
46.75 16.9145
47.0 16.5941
47.25 16.2838
47.5 15.9836
47.75 15.6954
48.0 15.4178
48.25 15.1498
48.5 14.8906
48.75 14.637
49.0 14.3879
49.25 14.1406
49.5 13.8934
49.75 13.6462
50.0 13.397
50.25 13.146
50.5 12.8937
50.75 12.6402
51.0 12.386
51.25 12.1325
51.5 11.8802
51.75 11.6304
52.0 11.3863
52.25 11.1485
52.5 10.9183
52.75 10.6976
53.0 10.4863
53.25 10.2845
53.5 10.0921
53.75 9.90728
54.0 9.73005
54.25 9.55787
54.5 9.3901
54.75 9.22485
55.0 9.06149
55.25 8.89814
55.5 8.73478
55.75 8.57143
56.0 8.40681
56.25 8.2422
56.5 8.07758
56.75 7.91296
57.0 7.75024
57.25 7.5894
57.5 7.43236
57.75 7.27909
58.0 7.13087
58.25 6.98833
58.5 6.85147
58.75 6.72028
59.0 6.59477
59.25 6.47367
59.5 6.35762
59.75 6.24554
60.0 6.13668
60.25 6.03034
60.5 5.92608
60.75 5.82327
61.0 5.72141
61.25 5.62037
61.5 5.51971
61.75 5.41962
62.0 5.32009
62.25 5.22126
62.5 5.12368
62.75 5.02744
63.0 4.93302
63.25 4.84074
63.5 4.75087
63.75 4.66351
64.0 4.57893
64.25 4.497
64.5 4.41791
64.75 4.34134
65.0 4.2673
65.25 4.1954
65.5 4.12564
65.75 4.05758
66.0 3.99123
66.25 3.92621
66.5 3.86238
66.75 3.79956
67.0 3.73769
67.25 3.67663
67.5 3.61652
67.75 3.55724
68.0 3.4989
68.25 3.44156
68.5 3.3853
68.75 3.33012
69.0 3.27625
69.25 3.22353
69.5 3.17212
69.75 3.12192
70.0 3.07304
70.25 3.02535
70.5 2.97893
70.75 2.93352
71.0 2.88931
71.25 2.84604
71.5 2.80378
71.75 2.76235
72.0 2.72173
72.25 2.68193
72.5 2.64289
72.75 2.60454
73.0 2.56695
73.25 2.53005
73.5 2.49385
73.75 2.4584
74.0 2.42365
74.25 2.38966
74.5 2.35635
74.75 2.32381
75.0 2.29196
75.25 2.2608
75.5 2.23034
75.75 2.20057
76.0 2.17143
76.25 2.14292
76.5 2.11504
76.75 2.08767
77.0 2.06086
77.25 2.03456
77.5 2.00883
77.75 1.98348
78.0 1.95863
78.25 1.93422
78.5 1.91025
78.75 1.88666
79.0 1.86358
79.25 1.84081
79.5 1.81842
79.75 1.79647
80.0 1.7749
80.25 1.75364
80.5 1.73277
80.75 1.71227
81.0 1.69202
81.25 1.67209
81.5 1.65254
81.75 1.63324
82.0 1.61419
82.25 1.5954
82.5 1.57692
82.75 1.55856
83.0 1.5404
83.25 1.52249
83.5 1.5047
83.75 1.48698
84.0 1.46938
84.25 1.45191
84.5 1.4345
84.75 1.41709
85.0 1.39981
85.25 1.38247
85.5 1.36518
85.75 1.3479
86.0 1.33056
86.25 1.31328
86.5 1.29593
86.75 1.27859
87.0 1.26124
87.25 1.24383
87.5 1.22649
87.75 1.20908
88.0 1.19167
88.25 1.17433
88.5 1.15692
88.75 1.13958
89.0 1.1223
89.25 1.10501
89.5 1.0878
89.75 1.07064
90.0 1.05355
90.25 1.03652
90.5 1.01955
90.75 1.00271
91.0 0.985935
91.25 0.969221
91.5 0.952696
91.75 0.936172
92.0 0.919773
92.25 0.9035
92.5 0.887354
92.75 0.871334
93.0 0.855503
93.25 0.839798
93.5 0.824283
93.75 0.808956
94.0 0.793819
94.25 0.778934
94.5 0.764238
94.75 0.749858
95.0 0.735667
95.25 0.721791
95.5 0.708231
95.75 0.694923
96.0 0.68193
96.25 0.669253
96.5 0.656891
96.75 0.644781
97.0 0.633049
97.25 0.621621
97.5 0.610514
97.75 0.599704
98.0 0.589208
98.25 0.57901
98.5 0.569133
98.75 0.55954
99.0 0.550243
99.25 0.541211
99.5 0.532463
99.75 0.523961
100.0 0.515736
