0 0
0.25 7.89845e-08
0.5 1.06534e-07
0.75 1.41671e-07
1.0 1.6239e-07
1.25 1.7901e-07
1.5 3.78858e-07
1.75 1.35806e-06
2.0 4.1766e-06
2.25 1.07953e-05
2.5 2.36317e-05
2.75 4.66673e-05
3.0 8.38852e-05
3.25 0.000141678
3.5 0.000225456
3.75 0.00034415
4.0 0.00050432
4.25 0.000717187
4.5 0.000989972
4.75 0.00133617
5.0 0.0017631
5.25 0.00228439
5.5 0.00291454
5.75 0.00365765
6.0 0.00454305
6.25 0.005579
6.5 0.00678146
6.75 0.00814948
7.0 0.00971366
7.25 0.011479
7.5 0.0134942
7.75 0.0157528
8.0 0.0182977
8.25 0.0211435
8.5 0.0243532
8.75 0.0279205
9.0 0.0319319
9.25 0.0363904
9.5 0.0413857
9.75 0.0469215
10.0 0.0531113
10.25 0.0599603
10.5 0.0675938
10.75 0.0760265
11.0 0.0853989
11.25 0.0957237
11.5 0.107184
11.75 0.119779
12.0 0.133718
12.25 0.149019
12.5 0.165922
12.75 0.184447
13.0 0.204894
13.25 0.227285
13.5 0.251965
13.75 0.278959
14.0 0.308691
14.25 0.341192
14.5 0.376954
14.75 0.416008
15.0 0.458928
15.25 0.505727
15.5 0.55708
15.75 0.612961
16.0 0.674109
16.25 0.740524
16.5 0.812867
16.75 0.891138
17.0 0.97597
17.25 1.06717
17.5 1.16537
17.75 1.27007
18.0 1.38171
18.25 1.49953
18.5 1.62359
18.75 1.75301
19.0 1.88742
19.25 2.02561
19.5 2.16695
19.75 2.31019
20.0 2.45443
20.25 2.59855
20.5 2.74153
20.75 2.88262
21.0 3.02088
21.25 3.15591
21.5 3.28698
21.75 3.41394
22.0 3.53636
22.25 3.65424
22.5 3.76594
22.75 3.87411
23.0 3.97685
23.25 4.07468
23.5 4.16682
23.75 4.25374
24.0 4.33466
24.25 4.40997
24.5 4.47916
24.75 4.54254
25.0 4.5995
25.25 4.65065
25.5 4.69467
25.75 4.73409
26.0 4.76771
26.25 4.79634
26.5 4.8198
26.75 4.83892
27.0 4.85361
27.25 4.86465
27.5 4.8719
27.75 4.87587
28.0 4.87651
28.25 4.87424
28.5 4.86887
28.75 4.86086
29.0 4.85002
29.25 4.83677
29.5 4.82138
29.75 4.80397
30.0 4.78442
30.25 4.76304
30.5 4.74002
30.75 4.7158
31.0 4.69032
31.25 4.66377
31.5 4.6362
31.75 4.60801
32.0 4.57912
32.25 4.54948
32.5 4.51914
32.75 4.4883
33.0 4.4567
33.25 4.42435
33.5 4.39123
33.75 4.35736
34.0 4.32261
34.25 4.28698
34.5 4.25065
34.75 4.21343
35.0 4.17547
35.25 4.13687
35.5 4.09751
35.75 4.05765
36.0 4.01734
36.25 3.97654
36.5 3.93548
36.75 3.89417
37.0 3.85266
37.25 3.8111
37.5 3.76947
37.75 3.72791
38.0 3.68641
38.25 3.64503
38.5 3.60385
38.75 3.56285
39.0 3.52217
39.25 3.48161
39.5 3.44144
39.75 3.40145
40.0 3.36172
40.25 3.3223
40.5 3.28307
40.75 3.24402
41.0 3.20524
41.25 3.16664
41.5 3.12822
41.75 3.08994
42.0 3.05191
42.25 3.014
42.5 2.97635
42.75 2.93888
43.0 2.90161
43.25 2.86471
43.5 2.828
43.75 2.79167
44.0 2.7556
44.25 2.7199
44.5 2.68464
44.75 2.64964
45.0 2.61507
45.25 2.58083
45.5 2.54702
45.75 2.51353
46.0 2.48035
46.25 2.44756
46.5 2.41507
46.75 2.38291
47.0 2.35099
47.25 2.31939
47.5 2.28811
47.75 2.25708
48.0 2.22636
48.25 2.1959
48.5 2.16575
48.75 2.13592
49.0 2.1064
49.25 2.07726
49.5 2.04838
49.75 2.0198
50.0 1.99161
50.25 1.96367
50.5 1.93611
50.75 1.90886
51.0 1.88193
51.25 1.85525
51.5 1.82889
51.75 1.80284
52.0 1.77704
52.25 1.7515
52.5 1.72633
52.75 1.70136
53.0 1.6767
53.25 1.65235
53.5 1.62819
53.75 1.60442
54.0 1.58095
54.25 1.55768
54.5 1.53485
54.75 1.51227
55.0 1.48994
55.25 1.46799
55.5 1.44636
55.75 1.42498
56.0 1.40391
56.25 1.38316
56.5 1.36266
56.75 1.34248
57.0 1.32255
57.25 1.30293
57.5 1.28357
57.75 1.26446
58.0 1.2456
58.25 1.22706
58.5 1.2087
58.75 1.19067
59.0 1.17288
59.25 1.15535
59.5 1.138
59.75 1.12103
60.0 1.10426
60.25 1.08773
60.5 1.07146
60.75 1.05544
61.0 1.03967
61.25 1.02416
61.5 1.00889
61.75 0.993819
62.0 0.978997
62.25 0.964365
62.5 0.949984
62.75 0.935856
63.0 0.921854
63.25 0.908168
63.5 0.894607
63.75 0.881299
64.0 0.868117
64.25 0.855251
64.5 0.84251
64.75 0.830022
65.0 0.81766
65.25 0.80555
65.5 0.79363
65.75 0.781898
66.0 0.770293
66.25 0.75894
66.5 0.747714
66.75 0.736739
67.0 0.725891
67.25 0.715169
67.5 0.704699
67.75 0.694355
68.0 0.684201
68.25 0.674172
68.5 0.66427
68.75 0.654557
69.0 0.645033
69.25 0.635635
69.5 0.626377
69.75 0.617256
70.0 0.608313
70.25 0.599502
70.5 0.590829
70.75 0.58229
71.0 0.573888
71.25 0.565626
71.5 0.557509
71.75 0.549505
72.0 0.541634
72.25 0.533876
72.5 0.52625
72.75 0.518757
73.0 0.511378
73.25 0.504112
73.5 0.49696
73.75 0.489915
74.0 0.482983
74.25 0.476172
74.5 0.46948
74.75 0.462882
75.0 0.456399
75.25 0.450003
75.5 0.443715
75.75 0.437528
76.0 0.431454
76.25 0.425475
76.5 0.419596
76.75 0.4138
77.0 0.408098
77.25 0.402485
77.5 0.39696
77.75 0.39153
78.0 0.386194
78.25 0.380946
78.5 0.375774
78.75 0.370684
79.0 0.365676
79.25 0.360738
79.5 0.355881
79.75 0.351094
80.0 0.346395
80.25 0.341779
80.5 0.337231
80.75 0.332753
81.0 0.328344
81.25 0.323999
81.5 0.319722
81.75 0.315503
82.0 0.311347
82.25 0.307253
82.5 0.303236
82.75 0.299275
83.0 0.295383
83.25 0.291536
83.5 0.287745
83.75 0.284011
84.0 0.280322
84.25 0.276682
84.5 0.273087
84.75 0.269536
85.0 0.266036
85.25 0.262586
85.5 0.259186
85.75 0.255818
86.0 0.252494
86.25 0.249202
86.5 0.245954
86.75 0.242731
87.0 0.23954
87.25 0.23638
87.5 0.233245
87.75 0.230142
88.0 0.227077
88.25 0.224043
88.5 0.221041
88.75 0.218064
89.0 0.215106
89.25 0.212179
89.5 0.209272
89.75 0.206383
90.0 0.203519
90.25 0.200675
90.5 0.197849
90.75 0.195049
91.0 0.192267
91.25 0.189517
91.5 0.186793
91.75 0.184087
92.0 0.1814
92.25 0.178726
92.5 0.176077
92.75 0.173441
93.0 0.170829
93.25 0.168231
93.5 0.165658
93.75 0.163103
94.0 0.160568
94.25 0.158057
94.5 0.155585
94.75 0.153138
95.0 0.150716
95.25 0.148319
95.5 0.145948
95.75 0.143601
96.0 0.141287
96.25 0.138997
96.5 0.136739
96.75 0.134506
97.0 0.132312
97.25 0.130142
97.5 0.128004
97.75 0.125897
98.0 0.123828
98.25 0.121785
98.5 0.119786
98.75 0.117824
99.0 0.1159
99.25 0.114015
99.5 0.112154
99.75 0.110331
100.0 0.108546
